01,03,0.14519664762038934
03,01,0.14519664762038934
01,03,0.14519664762038934
03,01,0.14519664762038934
01,03,0.14519664762038934
03,01,0.14519664762038934
01,03,0.14519664762038934
03,01,0.14519664762038934
02,04,0.017876470106645698
04,02,0.017876470106645698
01,02,0.039226584308839796
02,01,0.039226584308839796
02,03,0.06241698853166295
03,02,0.06241698853166295
02,03,0.06241698853166295
03,02,0.06241698853166295
01,03,0.14519664762038934
03,01,0.14519664762038934
01,03,0.14519664762038934
03,01,0.14519664762038934
01,03,0.14519664762038934
03,01,0.14519664762038934
02,04,0.017876470106645698
04,02,0.017876470106645698
01,03,0.14519664762038934
03,01,0.14519664762038934
02,04,0.017876470106645698
04,02,0.017876470106645698
01,03,0.14519664762038934
03,01,0.14519664762038934
02,04,0.017876470106645698
04,02,0.017876470106645698
01,02,0.039226584308839796
02,01,0.039226584308839796
01,03,0.14519664762038934
03,01,0.14519664762038934
02,03,0.06241698853166295
03,02,0.06241698853166295
01,02,0.039226584308839796
02,01,0.039226584308839796
02,03,0.06241698853166295
03,02,0.06241698853166295
02,04,0.017876470106645698
04,02,0.017876470106645698
02,03,0.06241698853166295
03,02,0.06241698853166295
02,03,0.06241698853166295
03,02,0.06241698853166295
01,02,0.039226584308839796
02,01,0.039226584308839796
01,03,0.14519664762038934
03,01,0.14519664762038934
01,02,0.039226584308839796
02,01,0.039226584308839796
01,03,0.14519664762038934
03,01,0.14519664762038934
02,03,0.06241698853166295
03,02,0.06241698853166295
01,02,0.039226584308839796
02,01,0.039226584308839796
01,03,0.14519664762038934
03,01,0.14519664762038934
01,04,0.0
04,01,0.0
02,03,0.06241698853166295
03,02,0.06241698853166295
02,04,0.017876470106645698
04,02,0.017876470106645698
03,04,0.002807894761872007
04,03,0.002807894761872007
01,03,0.14519664762038934
03,01,0.14519664762038934
01,02,0.039226584308839796
02,01,0.039226584308839796
01,03,0.14519664762038934
03,01,0.14519664762038934
02,03,0.06241698853166295
03,02,0.06241698853166295
02,03,0.06241698853166295
03,02,0.06241698853166295
02,03,0.06241698853166295
03,02,0.06241698853166295
03,04,0.002807894761872007
04,03,0.002807894761872007
01,03,0.14519664762038934
03,01,0.14519664762038934
01,03,0.14519664762038934
03,01,0.14519664762038934
01,03,0.14519664762038934
03,01,0.14519664762038934
02,04,0.017876470106645698
04,02,0.017876470106645698
01,03,0.14519664762038934
03,01,0.14519664762038934
01,03,0.14519664762038934
03,01,0.14519664762038934
01,03,0.14519664762038934
03,01,0.14519664762038934
01,03,0.14519664762038934
03,01,0.14519664762038934
02,03,0.06241698853166295
03,02,0.06241698853166295
02,03,0.06241698853166295
03,02,0.06241698853166295
01,03,0.14519664762038934
03,01,0.14519664762038934
02,04,0.017876470106645698
04,02,0.017876470106645698
01,03,0.14519664762038934
03,01,0.14519664762038934
02,04,0.017876470106645698
04,02,0.017876470106645698
02,03,0.06241698853166295
03,02,0.06241698853166295
01,03,0.14519664762038934
03,01,0.14519664762038934
01,03,0.14519664762038934
03,01,0.14519664762038934
02,03,0.06241698853166295
03,02,0.06241698853166295
02,04,0.017876470106645698
04,02,0.017876470106645698
